4294967294,0
4294967278,439
20,37
20,35
20,33
20,32
20,31
20,25
20,23
20,22
20,20
20,19
20,16
20,14
20,13
20,12
20,11
20,9
9,8
11,134
11,133
11,130
11,129
11,128
8,6
11,149
20,45
20,0
11,148
4294967278,187
11,147
4294967279,166
11,146
13,36
4294967278,148
11,145
13,35
13,34
13,33
4294967278,254
4294967279,331
11,144
4294967278,214
13,32
4294967279,205
4294967278,179
11,143
12,8
12,1
12,7
11,142
11,140
13,31
4294967279,325
4294967279,230
11,139
26,2
4294967279,322
4294967279,186
4294967294,53
4294967294,84
92,5
92,4
92,3
92,2
92,1
0,7
4294967294,96
4294967294,94
4294967278,170
4294967294,9
4294967294,8
4294967278,166
27,14
27,5
27,12
20,8
20,27
16,0
24,4
4294967279,138
4294967279,528
17,2
4294967294,26
4294967294,81
4294967278,400
4294967294,83
21,6
4294967279,254
4294967278,397
4294967278,396
14,1
11,191
4294967278,188
2,7
25,7
4294967279,170
11,190
4294967278,395
4294967278,155
13,30
4294967279,148
4294967278,274
4294967278,273
4294967278,290
4294967279,264
4294967278,287
11,189
4294967279,247
4294967279,245
4294967279,527
4294967278,255
4294967278,393
4294967279,234
4294967279,319
4294967279,214
4294967279,201
4294967278,289
4294967279,241
4294967279,239
11,188
4294967279,183
4294967279,235
4294967278,178
4294967279,179
4294967278,316
4294967279,159
4294967279,231
4294967279,315
4294967278,332
4294967279,229
4294967278,146
4294967278,392
4294967278,143
4294967278,391
4294967279,227
4294967278,389
4294967279,225
4294967279,526
13,29
13,28
4294967278,242
11,187
4294967278,226
4294967279,222
4294967278,388
4294967278,387
4294967279,223
4294967278,292
4294967278,209
4294967279,207
7,2
4294967279,199
4294967279,308
5,2
6,2
4294967278,385
4294967279,178
4294967279,173
4294967279,221
4294967279,316
4294967279,167
4294967278,350
13,27
13,26
4294967278,154
13,25
4294967279,217
4294967278,311
11,186
4294967279,288
4294967278,137
4294967279,135
4294967279,267
4294967279,373
4294967279,215
13,1
13,24
4294967278,283
4294967278,258
4294967294,471
5,5
4294967279,246
4294967278,405
4294967279,291
4294967278,318
4294967279,204
4294967278,193
4294967279,272
11,185
4294967279,185
4294967278,317
4294967279,318
4294967279,298
16,9
16,1
16,8
4294967278,315
4294967278,314
4294967279,169
4294967279,263
4294967278,364
4294967278,363
4294967278,158
4294967279,158
4294967279,557
4294967278,256
4294967278,313
4294967279,568
4294967278,312
11,184
4294967278,285
4294967279,305
11,183
4294967278,383
4294967279,314
4294967278,349
4294967279,284
4294967278,284
4294967278,275
4294967278,327
4294967279,259
4294967279,560
4294967278,310
4294967279,312
4294967278,262
4294967278,309
4294967278,373
4294967278,308
4294967278,390
4294967278,307
4294967279,242
4294967278,237
4294967278,293
4294967278,232
11,182
4294967279,563
4294967279,311
4294967279,310
13,2
4294967278,210
12,2
4294967279,209
4294967278,264
4294967279,546
4294967279,309
4294967278,305
4294967279,198
4294967279,275
8,4
8,5
4294967278,355
4294967294,470
9,4
13,7
3,6
9,5
4,4
4,5
13,21
13,8
11,181
4294967278,185
4294967278,304
4294967279,365
4294967278,303
4294967279,181
4294967278,302
4294967279,307
4294967278,301
4294967279,172
4294967278,168
4294967278,380
4294967279,544
4294967279,153
4294967279,567
4294967278,151
4294967278,2
4294967279,146
4294967278,382
11,180
4294967279,273
4294967279,561
4294967278,329
4294967279,136
4294967279,268
4294967278,270
4294967278,354
4294967278,300
4294967278,266
4294967278,281
11,179
4294967278,299
4294967278,298
4294967278,336
4294967278,335
4294967279,304
4294967278,297
4294967279,339
4294967279,251
4294967278,296
4294967278,250
4294967279,303
4294967278,295
4294967279,573
4294967278,294
4294967279,237
4294967279,514
4294967278,235
4294967278,230
4294967278,228
4294967279,228
30,6
4294967278,220
11,178
11,177
4294967278,211
4294967279,212
4294967279,210
4294967279,302
4294967278,291
4294967279,301
4294967278,233
4294967278,205
11,176
4294967279,206
4294967278,204
4294967279,277
20,36
30,8
4294967278,198
4294967279,571
4294967279,549
4294967278,195
4294967279,348
4294967278,369
4294967279,195
4294967278,192
4294967279,193
20,18
4294967279,190
4294967278,365
4294967279,300
4294967279,299
4294967278,440
20,17
4294967278,176
30,5
4294967278,172
4294967279,379
4294967278,353
4294967279,558
4294967278,163
4294967278,162
4294967279,297
4294967278,359
11,175
4294967279,296
4294967278,345
4294967279,156
4294967279,152
4294967278,150
4294967278,286
4294967279,295
4294967279,520
4294967279,556
4294967278,141
4294967279,140
4294967278,279
4294967279,294
4294967278,362
4294967278,421
4294967279,265
11,174
11,173
4294967278,339
4294967279,531
4294967279,529
4294967279,525
4294967278,282
4294967279,293
4294967279,249
11,172
4294967279,248
4294967278,219
4294967278,358
4294967279,292
4294967279,533
4294967278,368
4294967279,226
4294967278,443
4294967279,224
4294967278,331
4294967278,218
4294967279,216
4294967279,349
4294967278,372
4294967278,322
4294967279,306
4294967279,208
4294967278,206
4294967278,320
4294967278,280
4294967278,360
4294967279,203
11,171
4294967278,201
4294967278,278
4294967278,343
4294967279,200
4294967278,357
4294967278,197
4294967279,197
11,170
4294967279,196
4294967278,194
4294967278,409
4294967279,290
4294967278,326
4294967279,289
4294967278,351
4294967279,382
4294967279,523
4294967279,512
4294967278,356
4294967279,541
4294967279,574
4294967278,173
4294967278,88
4294967278,260
4294967278,347
4294967279,361
11,169
4294967278,169
11,168
4294967278,167
4294967279,168
4294967278,245
4294967278,165
4294967278,164
4294967279,165
4294967278,323
4294967279,164
4294967279,383
4294967279,378
4294967278,251
4294967279,522
4294967278,156
4294967278,153
4294967279,537
4294967278,276
4294967279,363
4294967278,431
4294967279,344
4294967278,145
4294967278,144
4294967279,545
4294967278,352
4294967279,548
4294967278,139
4294967278,138
4294967278,135
4294967279,367
4294967278,249
11,167
4294967278,133
4294967279,536
4294967279,286
4294967278,268
11,166
4294967278,267
4294967279,282
4294967278,247
4294967279,518
4294967278,328
11,165
4294967278,265
4294967279,521
11,164
4294967279,258
4294967278,263
4294967279,377
11,163
4294967279,255
4294967279,366
4294967279,515
4294967278,338
11,162
4294967279,530
4294967279,381
4294967279,285
4294967278,269
4294967279,540
4294967278,420
4294967279,516
4294967279,358
4294967278,248
4294967278,246
4294967279,244
4294967279,281
4294967279,253
11,161
4294967278,238
4294967279,238
4294967279,280
4294967279,551
11,160
4294967279,236
4294967278,234
4294967279,513
4294967278,447
4294967278,324
4294967278,224
4294967279,371
4294967279,279
4294967279,220
4294967279,370
4294967278,216
4294967279,542
4294967278,330
4294967278,213
4294967279,376
